0
1708708175.5153203
1708708175.6523514
1708708175.7414186
1708708175.8191
1708708175.9068985
1708708175.9967854
1708708176.088291
1708708176.1898441
1708708176.3082948
1708708176.3790808
1708708176.4965327
1708708176.5850143
1708708176.6919181
1708708176.7815864
1708708176.9002535
1708708176.9994876
1708708177.0820029
1708708177.1914804
1708708177.303945
1708708177.406368
1708708177.4803987
1708708177.5885005
1708708177.7081482
1708708177.7813075
1708708177.8653593
1708708178.0183122
1708708178.1062825
1708708178.2105103
1708708178.2953258
1708708178.4203923
1708708178.498399
1708708178.593227
1708708178.6861148
1708708178.795688
1708708178.9056091
1708708178.973349
1708708179.0833724
1708708179.2149923
1708708179.2792912
1708708179.3868308
1708708179.5027063
1708708179.6117637
1708708179.6995769
1708708179.8068836
1708708179.9062378
1708708180.0267596
1708708180.100235
1708708180.1948817
1708708180.2805376
1708708180.3833766
1708708180.501156
1708708180.5725834
1708708180.7092083
1708708180.7938373
1708708180.9034953
1708708180.9793482
1708708181.0901947
1708708181.190285
1708708181.305029
1708708181.3788228
1708708181.4934049
1708708181.5824282
1708708181.6759658
1708708181.7786312
1708708181.8826392
1708708181.9778688
1708708182.0764306
1708708182.1689062
1708708182.2813265
1708708182.3950787
1708708182.4899702
1708708182.5850701
1708708182.7103004
1708708182.7826142
1708708182.8771799
1708708182.967234
1708708183.1076996
1708708183.190478
1708708183.299973
1708708183.3748765
1708708183.4903464
1708708183.5855172
1708708183.7103403
1708708183.808526
1708708183.877265
1708708184.0236607
1708708184.0929048
1708708184.2039857
1708708184.3107808
1708708184.3950067
1708708184.4916763
1708708184.6095302
1708708184.6861596
1708708184.7966537
1708708184.880392
1708708185.0033846
1708708185.1120574
1708708185.1933255
1708708185.2751217
1708708185.4135034
1708708185.485896
1708708185.5983124
1708708185.6908834
1708708185.820817
